p
[ 5.59476732e+02  7.87658156e+01  1.54912971e-01 -5.14385744e+02
 -1.00478165e+03 -2.95503033e-01 -1.10590191e+02  1.11438756e+02
  1.47463934e-01  1.69109852e+03  3.33740920e+03]

Projection matrix P :
[[ 5.59476732e+02 -5.14385744e+02 -1.10590191e+02  1.69109852e+03]
 [ 7.87658156e+01 -1.00478165e+03  1.11438756e+02  3.33740920e+03]
 [ 1.54912971e-01 -2.95503033e-01  1.47463934e-01  1.00000000e+00]]

Calibration matrix K :
[[-1.28041406e+03 -2.59903703e+01  1.67108965e+03]
 [-0.00000000e+00 -1.31965865e+03  2.44654416e+03]
 [-0.00000000e+00 -0.00000000e+00  1.00000000e+00]]