p
[ 5.89943683e+02 -1.11138652e+02  6.37294971e-02 -1.97583841e+02
 -6.66451084e+02 -1.05452119e-01 -1.67474071e+02 -6.26094405e+01
  1.15376503e-01  1.26720431e+03  3.53402597e+03]

Projection matrix P :
[[ 5.89943683e+02 -1.97583841e+02 -1.67474071e+02  1.26720431e+03]
 [-1.11138652e+02 -6.66451084e+02 -6.26094405e+01  3.53402597e+03]
 [ 6.37294971e-02 -1.05452119e-01  1.15376503e-01  1.00000000e+00]]

Calibration matrix K :
[[-3.56160208e+03  2.27584886e+00  1.37259732e+03]
 [-0.00000000e+00 -3.50718134e+03  1.96439654e+03]
 [-0.00000000e+00 -0.00000000e+00  1.00000000e+00]]